9 284
000000010
000000111
000001110
000001111
000010000
000010001
000010101
000010110
000011000
000011001
000011010
000011100
000011110
000011111
000100010
000100101
000100110
000101000
000101010
000101100
000101101
000101110
000110000
000110010
000110110
000110111
000111000
000111001
000111010
000111011
000111100
000111101
000111111
001000000
001000001
001000011
001000100
001001000
001001001
001001010
001001100
001001110
001001111
001010000
001010010
001010101
001010110
001011001
001011010
001011011
001011100
001011101
001011111
001100001
001100111
001101000
001101010
001101100
001101110
001110010
001110011
001110101
001110110
001110111
001111000
001111001
001111100
001111110
001111111
010000000
010000001
010000100
010000101
010000110
010001000
010001010
010001011
010001100
010001110
010010001
010010101
010010110
010010111
010011100
010011101
010011111
010100000
010100100
010100101
010100111
010101000
010101001
010101011
010101111
010110010
010110101
010110111
010111001
010111010
010111011
010111100
010111101
010111111
011000000
011000001
011000010
011000011
011000100
011000101
011001000
011001011
011001110
011001111
011010010
011010011
011010100
011010110
011011000
011011011
011011101
011100000
011100001
011100100
011100110
011100111
011101000
011101001
011101010
011101011
011101101
011101110
011101111
011110000
011110010
011110101
011111001
011111010
011111011
011111100
011111101
100000000
100000001
100000010
100000100
100000101
100000110
100001000
100001011
100001100
100001101
100010010
100010100
100010110
100010111
100011000
100011010
100011011
100011101
100011110
100100000
100100010
100100011
100100100
100100101
100100111
100101000
100101011
100101110
100101111
100110011
100111001
100111010
100111011
100111100
100111101
100111110
100111111
101000000
101000010
101000011
101000111
101001000
101001001
101001010
101001100
101001110
101010000
101010001
101010010
101010100
101010110
101011101
101011110
101100010
101100111
101101001
101101011
101101110
101110001
101110010
101110011
101110100
101110101
101110110
101110111
101111000
101111001
101111011
101111100
101111101
101111111
110000000
110000001
110000100
110000110
110001001
110001010
110001011
110001100
110001101
110001110
110001111
110010001
110010010
110010011
110011000
110011001
110011011
110011100
110100000
110100001
110100010
110100011
110100100
110100101
110100111
110101000
110101001
110101010
110101011
110101101
110101110
110110001
110110111
110111001
110111010
110111100
110111101
110111110
110111111
111000010
111000100
111000111
111001001
111001010
111001011
111001100
111010100
111010101
111010110
111011000
111011010
111011011
111011100
111011101
111011111
111100001
111100010
111100011
111100100
111100110
111100111
111101001
111101100
111101110
111110000
111110001
111110010
111110100
111110101
111110110
111111001
111111010
111111101
